0
1258684416
1258356736
1258291200
1326055520
1326252256
1275723780
3233415168
1119682560
1275920388
1275461633
275087360
1451294744
1258684416
1325990112
1133969408
84344832
1275461633
1275658244
275087360
1451294780
134545408
3238002864
2449473536
10
6
44
69
1
9
176
1
7
170
85
0
0
0
0
0
0
0
0
0
6
0
0
0
0
0
0
0
0
0
0
0
0
0
0
0
0
0
0
0
0
0
0
0
0
0
0
0
0
0
0
0
0
0
0
0
0
0
0
0
3226468448
1258684416
1258356736
1258291200
1326055520
1326252256
1275723780
3233415168
1119682560
1275920388
1275461633
275087360
1451294744
1258684416
1325990112
1133969408
84344832
1275461633
1275658244
275087360
1451294780
134545408
3238002864
2449473536
10
13
44
69
222
9
176
1
7
170
85
0
0
0
0
0
0
0
0
0
13
0
0
0
0
0
0
0
0
0
0
0
0
0
0
0
0
0
0
0
0
0
0
0
0
0
0
0
0
0
0
0
0
0
0
0
0
0
0
0
3226468448
1258684416
1258356736
1258291200
1326055520
1326252256
1275723780
3233415168
1119682560
1275920388
1275461633
275087360
1451294744
1258684416
1325990112
1133969408
84344832
1275461633
1275658244
275087360
1451294780
134545408
3238002864
2449473536
10
6
44
69
1
9
176
1
7
170
85
0
0
0
0
0
0
0
0
0
6
0
0
0
0
0
0
0
0
0
0
0
0
0
0
0
0
0
0
0
0
0
0
0
0
0
0
0
0
0
0
0
0
0
0
0
0
0
0
0
3226468428
1258684416
1258291200
1258356736
1258422272
1258487809
1325858972
3240558592
1275527172
1275461633
87162880
3238461440
1275527172
1275461633
69402624
70254592
275087360
1451294760
2449473536
11
0
0
0
0
0
0
0
0
0
0
0
0
0
0
0
0
0
0
0
0
1258684416
0
0
0
0
0
0
0
0
0
0
0
0
0
0
0
0
0
0
0
0
0
0
0
0
0
0
0
0
0
0
0
0
0
0
0
0
0
0
3226468428
1258684416
1258291200
1258356736
1258422272
1258487809
1325858972
3240558592
1275527172
1275461633
87162880
3238461440
1275527172
1275461633
67252224
67117056
275087360
1451294760
2449473536
11
0
0
0
0
0
0
0
0
0
0
0
0
0
0
0
0
0
0
0
0
1258684416
0
0
0
0
0
0
0
0
0
0
0
0
0
0
0
0
0
0
0
0
0
0
0
0
0
0
0
0
0
0
0
0
0
0
0
0
0
0
3226468448
1258684416
1258356736
1258291200
1326055520
1326252256
1275723780
3233415168
1119682560
1275920388
1275461633
275087360
1451294744
1258684416
1325990112
1133969408
84344832
1275461633
1275658244
275087360
1451294780
134545408
3238002864
2449473536
9
6
44
69
1
9
176
1
7
170
0
0
0
0
0
0
0
0
0
0
6
0
0
0
0
0
0
0
0
0
0
0
0
0
0
0
0
0
0
0
0
0
0
0
0
0
0
0
0
0
0
0
0
0
0
0
0
0
0
0
3226468444
1258684416
1258356736
1258291200
1326055516
1326252252
1275723780
3233415168
1119682560
1275920388
1275461633
275087360
1451294744
1258684416
1325990108
1133969408
84344832
1275461633
1275658244
275087360
1451294780
3238002860
2449473536
9
6
44
69
1
7
0
1
5
10
0
0
0
0
0
0
0
0
0
0
6
0
0
0
0
0
0
0
0
0
0
0
0
0
0
0
0
0
0
0
0
0
0
0
0
0
0
0
0
0
0
0
0
0
0
0
0
0
0
0
3226468428
1258684416
1258291200
1258356736
1258422272
1258487809
1325858972
3240558592
1275527172
1275461633
87162880
3238461440
1275527172
1275461633
69402624
70254592
275087360
1451294760
2449473536
7
0
0
0
0
0
0
0
0
0
0
0
0
0
0
0
0
0
0
0
0
1258684416
0
0
0
0
0
0
0
0
0
0
0
0
0
0
0
0
0
0
0
0
0
0
0
0
0
0
0
0
0
0
0
0
0
0
0
0
0
0
3226468464
1258684416
1258356736
1258291200
1326055536
1326252272
1275723780
3233415168
1119682560
1275920388
1275461633
275087360
1451294744
1258684416
1325990128
1133510656
1275461633
1275658244
1133641728
1275461633
1275658244
268599296
1434517600
67239936
275087360
1451294792
3238002880
2449473536
10
6
44
69
1
7
0
1
5
10
85
0
0
0
0
0
0
0
0
0
1326055520
0
0
0
0
0
0
0
0
0
0
0
0
0
0
0
0
0
0
0
0
0
0
0
0
0
0
0
0
0
0
0
0
0
0
0
0
0
0
0
3226468464
1258684416
1258356736
1258291200
1326055536
1326252272
1275723780
3233415168
1119682560
1275920388
1275461633
275087360
1451294744
1258684416
1325990128
1133510656
1275461633
1275658244
1133641728
1275461633
1275658244
268599296
1434517600
67239936
275087360
1451294792
3238002880
2449473536
10
6
44
69
177
7
156
1
69
10
85
0
0
0
0
0
0
0
0
0
1326055520
0
0
0
0
0
0
0
0
0
0
0
0
0
0
0
0
0
0
0
0
0
0
0
0
0
0
0
0
0
0
0
0
0
0
0
0
0
0
0
